  0   0   0   0   0   0   0   0   1   0   0   0   0   1   1   1   0   0   0   0   0   0   2   0   0   0   0   0   0   0 
  0   0   0   0   0   0   0   0   1   0   0   0   0   1   1   1   0   0   0   0   0   0   2   0   0   0   0   0   0   0 
  0   0   0   0   0   0   0   0   1   0   0   0   0   1   1   1   0   0   0   0   0   0   2   0   0   0   0   0   0   0 
  0   0   0   0   0   0   0   0   1   0   0   0   0   1   1   1   0   0   0   0   0   0   2   0   0   0   0   0   0   0 
  0   0   0   0   0   0   0   0   1   0   0   0   0   1   1   1   0   0   0   0   0   0   2   0   0   0   0   0   0   0 
  0   0   0   0   0   0   0   0   1   0   0   0   0   1   1   1   0   0   0   0   0   0   2   0   1   0   0   0   0   0 
  0   0   0   0   0   0   0   0   1   0   0   0   0   1   1   1   0   0   0   0   0   0   2   0   1   0   0   0   0   0 
  0   0   0   0   0   0   0   0   1   0   0   0   0   1   1   1   0   0   0   0   0   0   2   0   1   0   0   0   0   0 
  6   8  10   6   6   6   6   7   7   7   6   6   7  10  13  13  11   9   9   9  10  19  18  17   7   7   7   9   7   4 
  6   8  10   6   6   6   6   7   7   7   6   6   7  10  13  13  11   9   9   9  10  19  18  17   7   7   7   9   7   4 
  6   8  10   6   6   6   6   7   7   7   6   6   7  10  13  13  11   9   9   9  10  19  18  17   7   7   7   9   7   4 
