  0   0   0   0   0   0   0   0   1   0   0   1   0   0   1   0   0   0   0   0 
  0   0   0   0   0   0   0   0   1   0   0   1   0   0   1   0   0   0   0   0 
  0   0   0   0   0   0   0   0   1   1   0   1   0   0   1   0   0   0   0   0 
  0   0   0   0   0   0   0   0   1   1   0   1   0   0   1   0   0   0   0   0 
  0   0   0   0   0   0   0   0   1   1   0   1   0   0   1   0   0   0   0   0 
  0   0   0   0   0   0   0   0   1   1   0   1   0   0   1   0   0   0   0   0 
  0   0   0   0   0   0   0   0   1   1   0   1   0   0   1   0   0   0   0   0 
  0   0   0   0   0   0   0   0   1   1   0   1   0   0   1   0   0   0   0   0 
  0   0   0   0   0   0   0   0   1   1   0   1   0   0   1   0   0   0   0   0 
  0   0   0   0   0   0   0   0   1   1   0   1   0   0   1   0   0   0   0   0 
  0   0   0   0   0   0   0   0   1   1   0   1   0   0   1   0   0   0   0   0 
  0   0   0   0   0   0   0   0   1   1   0   1   0   0   1   0   0   0   0   0 
  0   0   0   0   0   0   0   0   1   1   0   1   0   0   1   0   0   0   0   0 
  0   0   0   0   0   0   0   0   1   1   0   1   0   0   1   0   0   0   0   0 
  0   0   0   0   0   0   0   0   1   1   0   1   0   0   1   0   0   0   0   0 
  0   0   0   0   0   0   0   0   1   1   0   1   0   0   1   0   0   0   0   0 
  0   0   0   0   0   0   0   0   1   1   0   1   1   0   1   0   0   0   0   0 
  0   0   0   0   0   0   1   9  20  32  36  38  34  30  19  11   3   1   0   0 
  0   0   0   0   0   0   1   9  20  32  36  38  34  30  19  11   3   1   0   0 
  0   0   0   0   0   0   1   9  20  32  36  38  34  30  19  11   3   1   0   0 
