  0   0   0   0   0   0   0   0   0   0   0   0   0   0   0   0   0   0   0   0   0   0   0   0   0 
  0   0   0   0   0   0   0   0   1   0   0   0   0   0   0   0   0   0   0   0   0   0   0   0   0 
  0   0   0   0   0   0   0   0   1   0   0   0   0   0   0   0   0   0   0   0   0   0   0   0   0 
  0   0   0   0   1   0   0   0   1   0   0   0   0   0   0   0   0   0   0   0   0   0   0   0   0 
  0   0   0   0   1   0   0   0   1   0   0   0   0   0   0   0   0   0   0   0   0   0   0   0   0 
  0   0   0   0   1   0   0   0   1   0   0   0   0   0   0   0   0   0   0   0   0   0   0   0   0 
  0   0   0   0   1   0   0   0   1   0   0   0   0   0   0   0   0   0   0   0   0   0   0   0   0 
  0   0   0   0   1   0   0   0   1   0   1   0   0   0   0   0   0   0   0   0   0   0   0   0   0 
  0   0   0  10  11  12   3  14  16  21  10   8   2   1   0   0   0   0   0   0   0   0   0   0   0 
  0   0   0  10  11  12   3  14  16  21  10   8   2   1   0   0   0   0   0   0   0   0   0   0   0 
  0   0   0  10  11  12   3  14  16  21  10   8   2   1   0   0   0   0   0   0   0   0   0   0   0 
