  0   0   0   0   0   0   0   0   0   1   0   0   0   0   0   1   0   0   0   0   0   0   0   0   0   0   1   0   1   0   0   0   0   0   0   0   0   0   0   0   0   0   0   0   0   0   0   0   0   0   0   0   0   0   0   0   0   0   0   0   0   0   0   0   0   0   0   0   0   0   0   0   0   0   0   0   0   0   0   0   0   0   0   0   0   0   0   0   0   0   0   0   0   0   0   0   0   0   0   0 
  0   0   0   0   0   0   0   0   0   1   0   0   0   0   0   1   0   0   0   0   0   0   0   0   0   0   1   0   1   0   0   0   0   0   0   0   0   0   0   0   0   0   0   0   0   0   0   0   0   0   0   0   0   0   0   0   0   0   0   0   0   0   0   0   0   0   0   0   0   0   0   0   0   0   0   0   0   0   0   0   0   0   0   0   0   0   0   0   0   0   0   0   0   0   0   0   0   0   0   0 
  0   0   0   0   0   0   0   0   0   1   0   0   0   0   0   1   0   0   0   0   0   0   0   0   0   0   1   0   1   0   0   0   0   0   0   0   0   0   0   0   0   0   0   0   0   0   0   0   0   0   0   0   0   0   0   0   0   0   0   0   0   0   0   0   0   0   0   0   0   0   0   0   0   0   0   0   0   0   0   0   0   0   0   0   0   0   0   0   0   0   0   0   0   0   0   0   0   0   0   0 
  0   0   0   0   0   0   0   0   0   1   0   0   0   0   0   1   0   0   0   0   0   0   0   0   0   0   1   0   1   0   0   0   0   0   0   0   0   0   0   0   0   0   0   0   0   0   0   0   0   0   0   0   0   0   0   0   0   0   0   0   0   0   0   0   0   0   0   0   0   0   0   0   0   0   0   0   0   0   0   0   0   0   0   0   0   0   0   0   0   0   0   0   0   0   0   0   0   0   0   0 
  0   0   0   0   0   0   0   0   0   1   0   0   0   0   0   1   0   0   0   0   0   0   0   0   0   0   1   0   1   0   0   0   0   0   0   0   0   0   0   0   0   0   0   0   0   0   0   0   0   0   0   0   0   0   0   0   0   0   0   0   0   0   0   0   0   0   0   0   0   0   0   0   0   0   0   0   0   0   0   0   0   0   0   0   0   0   0   0   0   0   0   0   0   0   0   0   0   0   0   0 
  0   0   0   0   0   0   0   0   0   1   0   0   0   0   0   1   0   0   0   0   0   0   0   0   0   0   1   0   1   0   0   0   0   0   0   0   0   0   0   0   0   0   0   0   0   0   0   0   0   0   0   0   0   0   0   0   0   0   0   0   0   0   0   0   0   0   0   0   0   0   0   0   0   0   0   0   0   0   0   0   0   0   0   0   0   0   0   0   0   0   0   0   0   0   0   0   0   0   0   0 
  0   0   0   0   0   0   0   0   0   1   0   0   0   0   0   1   0   0   0   0   0   0   0   0   0   0   1   0   1   0   0   0   0   0   0   0   0   0   0   0   0   0   0   0   0   0   0   0   0   0   0   0   0   0   0   0   0   0   0   0   0   0   0   0   0   0   0   0   0   0   0   0   0   0   0   0   0   0   0   0   0   0   0   0   0   0   0   0   0   0   0   0   0   0   0   0   0   0   0   0 
  0   0   0   0   0   0   0   0   0   1   0   0   0   0   0   1   0   0   0   0   0   0   0   0   0   0   1   0   1   0   0   0   0   0   0   0   0   0   0   0   0   0   0   0   0   0   0   0   0   0   0   0   0   0   0   0   0   0   0   0   0   0   0   0   0   0   0   0   0   0   0   0   0   0   0   0   0   0   0   0   0   0   0   0   0   0   0   0   0   0   0   0   0   0   0   0   0   0   0   0 
  0   0   0   0   0   0   0   0   0   1   0   0   0   0   0   1   0   0   0   0   0   0   0   0   0   0   1   0   1   0   0   0   0   0   0   0   1   0   0   0   0   0   0   0   0   0   0   0   0   0   0   0   0   0   0   0   0   0   0   0   0   0   0   0   0   0   0   0   0   0   0   0   0   0   0   0   0   0   0   0   0   0   0   0   0   0   0   0   0   0   0   0   0   0   0   0   0   0   0   0 
  0   0   0   0   0   0   0   0   0   1   0   0   0   0   0   1   0   0   0   0   0   0   0   0   0   0   1   0   1   0   0   0   0   0   0   0   1   0   0   0   0   0   0   0   0   0   0   0   0   0   0   0   0   0   0   0   0   0   0   0   0   0   0   0   0   0   0   0   0   0   0   0   0   0   0   0   0   0   0   0   0   0   0   0   0   0   0   0   0   0   0   0   0   0   0   0   0   0   0   0 
  0   0   0   0   0   0   0   0   0   1   0   0   0   0   0   1   0   0   0   0   0   0   0   0   0   0   1   0   1   0   0   0   0   0   0   0   1   0   0   0   0   0   0   0   0   0   0   0   0   0   0   0   0   0   0   0   0   0   0   0   0   0   0   0   0   0   0   0   0   0   0   0   0   0   0   0   0   0   0   0   0   0   0   0   0   0   0   0   0   0   0   0   0   0   0   0   0   0   0   0 
  0   0   0   0   0   0   0   0   0   1   0   0   0   0   0   1   0   0   0   0   0   0   0   0   0   1   1   0   1   0   0   0   0   0   0   0   1   0   0   0   0   0   0   0   0   0   0   0   0   0   0   0   0   0   0   0   0   0   0   0   0   0   0   0   0   0   0   0   0   0   0   0   0   0   0   0   0   0   0   0   0   0   0   0   0   0   0   0   0   0   0   0   0   0   0   0   0   0   0   0 
  0   0   0   0   0   0   0   0   0   1   0   0   0   0   0   1   0   0   0   0   0   0   0   0   0   1   1   0   1   0   0   0   0   0   0   0   1   0   0   0   0   0   0   0   0   0   0   0   0   0   0   0   0   0   0   0   0   0   0   0   0   0   0   0   0   0   0   0   0   0   0   0   0   0   0   0   0   0   0   0   0   0   0   0   0   0   0   0   0   0   0   0   0   0   0   0   0   0   0   0 
  0   0   0   0   0   0   0   0   0   1   0   0   0   0   0   1   0   0   0   0   0   0   0   0   0   1   1   0   1   0   0   0   0   0   0   0   1   0   0   0   0   0   0   0   0   0   0   0   0   0   0   0   0   0   0   0   0   0   0   0   0   0   0   0   0   0   0   0   0   0   0   0   0   0   0   0   0   0   0   0   0   0   0   0   0   0   0   0   0   0   0   0   0   0   0   0   0   0   0   0 
  0   0   0   0   0   0   0   0   0   1   0   0   0   0   0   1   0   0   0   0   0   0   0   0   0   1   1   0   1   0   0   0   0   0   0   0   1   0   0   0   0   0   0   0   0   0   0   0   0   0   0   0   0   0   0   0   0   0   0   0   0   0   0   0   0   0   0   0   0   0   0   0   0   0   0   0   0   0   0   0   0   0   0   0   0   0   0   0   0   0   0   0   0   0   0   0   0   0   0   0 
  0   0   0   0   0   0   0   0   0   1   0   0   0   0   0   1   0   0   0   0   0   0   0   0   0   1   1   0   1   0   0   0   0   0   0   0   1   0   0   0   0   0   0   0   0   0   0   0   0   0   0   0   0   0   0   0   0   0   0   0   0   0   0   0   0   0   0   0   0   0   0   0   0   0   0   0   0   0   0   0   0   0   0   0   0   0   0   0   0   0   0   0   0   0   0   0   0   0   0   0 
  0   0   0   0   0   0   0   0   0   1   0   0   0   0   0   1   0   0   0   0   0   0   0   0   0   1   1   0   1   0   0   0   0   0   0   0   1   0   0   0   0   0   0   0   0   0   1   0   0   0   0   0   0   0   0   0   0   0   0   0   0   0   0   0   0   0   0   0   0   0   0   0   0   0   0   0   0   0   0   0   0   0   0   0   0   0   0   0   0   0   0   0   0   0   0   0   0   0   0   0 
  0   0   0   0   0   0   0   0   0   1   0   0   0   0   0   1   0   0   0   0   0   0   0   0   0   1   1   0   1   0   0   0   0   0   0   0   1   0   0   0   0   0   0   0   0   0   1   0   0   0   0   0   0   0   0   0   0   0   0   0   0   0   0   0   0   0   0   0   0   0   0   0   0   0   0   0   0   0   0   0   0   0   0   0   0   0   0   0   0   0   0   0   0   0   0   0   0   0   0   0 
  0   0   0   0   0   0   0   0   0   1   0   0   0   0   0   1   0   0   0   0   0   0   0   0   0   1   1   0   1   0   0   0   0   0   0   0   1   0   0   0   0   0   0   0   0   0   1   0   0   0   0   0   0   0   0   0   0   0   0   0   0   0   0   0   0   0   0   0   0   0   0   0   0   0   0   0   0   0   0   0   0   0   0   0   0   0   0   0   0   0   0   0   0   0   0   0   0   0   0   0 
  0   0   0   0   0   0   0   0   0   1   0   0   0   0   0   1   0   0   0   0   0   0   0   0   0   1   1   0   1   0   0   0   0   0   0   0   1   0   0   0   0   0   0   0   0   0   1   0   0   0   0   0   0   0   0   0   0   0   0   0   0   0   0   0   0   0   0   0   0   0   0   0   0   0   0   0   0   0   0   0   0   0   0   0   0   0   0   0   0   0   0   0   0   0   0   0   0   0   0   0 
  0   0   0   0   0   0   0   0   0   1   0   0   0   0   0   1   0   0   0   0   0   0   0   0   0   1   1   0   1   0   0   0   0   0   0   0   1   0   0   0   0   0   0   0   0   0   1   0   0   0   0   0   0   0   0   0   0   0   0   0   0   0   0   0   0   0   0   0   0   0   0   0   0   0   0   0   0   0   0   0   0   0   0   0   0   0   0   0   0   0   0   0   0   0   0   0   0   0   0   0 
  0   0   0   0   0   0   0   0   0   1   0   0   0   0   0   1   0   0   0   0   0   0   0   0   0   1   1   0   1   0   0   0   0   0   0   0   1   0   0   0   0   0   0   0   0   0   1   0   0   0   0   0   0   0   0   0   0   0   0   0   0   0   0   0   0   0   0   0   0   0   0   0   0   0   0   0   0   0   0   0   0   0   0   0   0   0   0   0   0   0   0   0   0   0   0   0   0   0   0   0 
  0   0   0   0   0   0   0   0   0   1   0   0   0   0   0   1   0   0   0   0   0   0   0   0   0   1   1   0   1   0   0   0   0   0   0   0   1   0   0   0   0   0   0   0   0   0   1   0   0   0   0   0   0   0   0   0   0   0   0   0   0   0   0   0   0   0   0   0   0   0   0   0   0   0   0   0   0   0   0   0   0   0   0   0   0   0   0   0   0   0   0   0   0   0   0   0   0   0   0   0 
  0   0   0   0   0   0   0   0   0   1   0   0   0   0   0   1   0   0   0   0   0   0   0   0   0   1   1   0   1   0   0   0   0   0   0   0   1   0   0   0   0   0   0   0   0   0   1   0   0   1   0   0   0   0   0   0   0   0   0   0   0   0   0   0   0   0   0   0   0   0   0   0   0   0   0   0   0   0   0   0   0   0   0   0   0   0   0   0   0   0   0   0   0   0   0   0   0   0   0   0 
  0   0   0   0   0   0   0   0   0   1   0   0   0   0   0   1   0   0   0   0   0   0   0   0   0   1   1   0   1   0   0   0   0   0   0   0   1   0   0   0   0   0   0   0   0   0   1   0   0   1   0   0   0   0   0   0   0   0   0   0   0   0   0   0   0   0   0   0   0   0   0   0   0   0   0   0   0   0   0   0   0   0   0   0   0   0   0   0   0   0   0   0   0   0   0   0   0   0   0   0 
  0   0   0   0   0   0   0   0   0   1   0   0   0   0   0   1   0   0   0   0   0   0   0   0   0   1   1   0   1   0   0   0   0   0   0   0   1   0   0   0   0   0   0   0   0   0   1   0   0   1   0   0   0   0   0   0   0   0   0   0   0   0   0   0   0   0   0   0   0   0   0   0   0   0   0   0   0   0   0   0   0   0   0   0   0   0   0   0   0   0   0   0   0   0   0   0   0   0   0   0 
  0   0   0   0   0   0   0   0   0   1   0   0   0   0   0   1   0   0   0   0   0   0   0   0   0   1   1   0   1   0   0   0   0   0   0   0   1   0   0   0   0   0   0   0   0   0   1   0   0   1   0   0   0   0   0   0   0   0   0   0   0   0   0   0   0   0   0   0   0   0   0   0   0   0   0   0   0   0   0   0   0   0   0   0   0   0   0   0   0   0   0   0   0   0   0   0   0   0   0   0 
  0   0   0   0   0   0   0   0   0   1   0   0   0   0   0   1   0   0   0   0   0   0   0   0   0   1   1   0   1   0   0   0   0   0   0   0   1   0   0   0   0   0   0   0   0   0   1   0   0   1   0   0   0   0   0   0   0   0   0   0   0   0   0   0   0   0   0   0   0   0   0   0   0   0   0   0   0   0   0   0   0   0   0   0   0   0   0   0   0   0   0   0   0   0   0   0   0   0   0   0 
  0   0   0   0   0   0   0   0   0   1   0   0   0   0   0   1   0   0   0   0   0   0   0   0   0   1   1   0   1   0   0   0   0   0   0   0   1   0   0   0   0   0   0   0   0   0   1   0   0   1   0   0   0   0   0   0   0   0   0   0   0   0   0   0   0   0   0   0   0   0   0   0   0   0   0   0   0   0   0   0   0   0   0   0   0   0   0   0   0   0   0   0   0   0   0   0   0   0   0   0 
  0   0   0   0   0   0   0   0   0   1   0   0   0   0   0   1   0   0   0   0   0   0   0   0   0   1   1   0   1   0   0   0   0   0   0   0   1   0   0   0   0   0   0   0   0   0   1   0   0   1   0   0   0   0   0   0   0   0   0   0   0   0   0   0   0   0   0   0   0   0   0   0   0   0   0   0   0   0   0   0   0   0   0   0   0   0   0   0   0   0   0   0   0   0   0   0   0   0   0   0 
  0   0   0   0   0   0   0   0   0   1   0   0   0   0   0   1   0   0   0   0   0   0   0   0   0   1   1   0   1   0   0   0   0   0   0   0   1   0   0   0   0   0   0   0   0   0   1   0   0   1   0   0   0   0   0   0   0   0   0   0   0   0   0   0   0   0   0   0   0   0   0   0   0   0   0   0   0   0   0   0   0   0   0   0   0   0   0   0   0   0   0   0   0   0   0   0   0   0   0   0 
  0   0   0   0   0   0   0   0   0   1   0   0   0   0   1   1   0   0   0   0   0   0   0   0   0   1   1   0   1   0   0   0   0   0   0   0   1   0   0   0   0   0   0   0   0   0   1   0   0   1   0   0   0   0   0   0   0   0   0   0   0   0   0   0   0   0   0   0   0   0   0   0   0   0   0   0   0   0   0   0   0   0   0   0   0   0   0   0   0   0   0   0   0   0   0   0   0   0   0   0 
  0   0   0   0   0   0   0   0   0   1   0   0   0   0   1   1   0   0   0   0   0   0   0   0   0   1   1   0   1   0   0   0   0   0   0   0   1   0   0   0   0   0   0   0   0   0   1   0   0   1   0   0   0   0   0   0   0   0   0   0   0   0   0   0   0   0   0   0   0   0   0   0   0   0   0   0   0   0   0   0   0   0   0   0   0   0   0   0   0   0   0   0   0   0   0   0   0   0   0   0 
  0   0   0   0   0   0   0   0   0   1   0   0   0   0   1   1   0   0   0   0   0   0   0   0   0   1   1   0   1   0   0   0   0   0   0   0   1   0   0   0   0   0   0   0   0   0   1   0   0   1   0   0   0   0   0   0   0   0   0   0   0   0   0   0   0   0   0   0   0   0   0   0   0   0   0   0   0   0   0   0   0   0   0   0   0   0   0   0   0   0   0   0   0   0   0   0   0   0   0   0 
  0   0   0   0   0   0   0   0   0   1   0   0   0   0   1   1   0   0   0   0   0   0   0   0   0   1   1   0   1   0   0   0   0   0   0   0   1   0   0   0   0   0   0   0   0   0   1   0   0   1   0   0   0   0   0   0   0   0   0   0   0   0   0   0   0   0   0   0   0   0   0   0   0   0   0   0   0   0   0   0   0   0   0   0   0   0   0   0   0   0   0   0   0   0   0   0   0   0   0   0 
  0   0   0   0   0   0   0   0   0   1   0   0   0   0   1   1   0   0   0   0   0   0   0   0   0   1   1   0   1   0   0   0   0   0   0   0   1   0   0   0   0   0   0   0   0   0   1   0   0   1   0   0   0   0   0   0   0   0   0   0   0   0   0   0   0   0   0   0   0   0   0   0   0   0   0   0   0   0   0   0   0   0   0   0   0   0   0   0   0   0   0   0   0   0   0   0   0   0   0   0 
  0   0   0   0   0   0   0   0   0   1   0   0   0   0   1   1   0   0   0   0   0   0   0   0   0   1   1   0   1   0   0   0   0   0   0   0   1   0   0   0   0   0   0   0   0   0   1   0   0   1   0   0   0   0   0   0   0   0   0   0   0   0   0   0   0   0   0   0   0   0   0   0   0   0   0   0   0   0   0   0   0   0   0   0   0   0   0   0   0   0   0   0   0   0   0   0   0   0   0   0 
  0   0   0   0   0   0   0   0   2   4   7   8   9  12  17  20  19  17  18  20  22  22  23  24  26  26  26  29  31  30  25  23  22  23  23  34  33  31  18  14  11  10  11  12  13  15  15  14  12  10   8   6   6   6   6   6   4   2   0   0   0   0   0   0   0   0   0   0   0   0   0   0   0   0   0   0   0   0   0   0   0   0   0   0   0   0   0   0   0   0   0   0   0   0   0   0   0   0   0   0 
  0   0   0   0   0   0   0   0   2   4   7   8   9  12  17  20  19  17  18  20  22  22  23  24  26  26  26  29  31  30  25  23  22  23  23  34  33  31  18  14  11  10  11  12  13  15  15  14  12  10   8   6   6   6   6   6   4   2   0   0   0   0   0   0   0   0   0   0   0   0   0   0   0   0   0   0   0   0   0   0   0   0   0   0   0   0   0   0   0   0   0   0   0   0   0   0   0   0   0   0 
  0   0   0   0   0   0   0   0   2   4   7   8   9  12  17  20  19  17  18  20  22  22  23  24  26  26  26  29  31  30  25  23  22  23  23  34  33  31  18  14  11  10  11  12  13  15  15  14  12  10   8   6   6   6   6   6   4   2   0   0   0   0   0   0   0   0   0   0   0   0   0   0   0   0   0   0   0   0   0   0   0   0   0   0   0   0   0   0   0   0   0   0   0   0   0   0   0   0   0   0 
