  0   0   0   0   0   0   0   0   0   0   0   0   0   0   0   0   0   0   0   0   0   0   0   0   0   0   0   1   0   0   1   0   0   0   0   0   1   0   0   0   0   0   0   0   0   0   0   0   0   0 
  0   0   0   0   0   0   0   0   0   0   0   0   0   0   0   0   0   0   0   0   0   0   0   0   0   0   0   1   0   0   1   0   0   0   0   0   1   0   0   0   0   0   0   0   0   0   0   0   0   0 
  0   0   0   0   0   0   0   0   0   0   0   0   0   0   0   0   0   0   0   0   0   0   0   0   0   0   0   1   0   0   1   0   0   0   0   0   1   0   0   0   0   0   0   0   0   0   0   0   0   0 
  0   0   0   0   0   0   0   0   0   0   0   0   0   0   0   0   0   0   0   0   0   0   0   0   0   0   0   1   0   0   1   0   0   0   0   0   1   0   0   0   0   0   0   0   0   0   0   0   0   0 
  0   0   0   0   0   0   0   0   0   0   0   0   0   0   0   0   0   0   0   0   0   0   0   0   0   0   0   1   0   0   1   0   0   0   0   0   1   0   0   0   0   0   0   0   0   1   0   0   0   0 
  0   0   0   0   0   0   0   0   0   0   0   0   0   0   0   0   0   0   0   0   0   0   0   0   0   0   0   1   0   0   1   0   0   0   0   0   1   0   0   0   0   0   0   0   0   1   0   0   0   0 
  0   0   0   0   0   0   0   0   0   0   0   0   0   0   0   0   0   0   0   0   0   0   0   0   0   0   0   1   0   0   1   0   0   0   0   0   1   0   0   0   0   0   0   0   0   1   0   0   0   0 
  0   0   0   0   0   0   0   0   0   0   0   0   0   0   0   0   0   1   0   0   0   0   1   0   0   0   0   1   0   0   1   0   0   0   0   0   1   0   0   0   0   0   0   0   0   1   0   0   0   0 
  0   0   0   0   0   0   0   0   0   0   0   0   0   0   0   0   0   1   0   0   0   0   1   0   1   0   0   1   0   0   1   0   0   0   0   0   1   2   0   0   0   0   0   0   0   1   0   0   0   0 
  0   0   0   0   0   0   0   0   0   0   0   0   0   0   0   0   0   1   1   0   0   0   1   0   1   0   0   1   1   0   1   0   0   0   1   0   1   2   0   0   0   0   0   0   0   1   0   0   0   0 
  0   0   0   0   0   0   0   0   0   0   0   0   0   0   0   1   0   2   1   0   0   0   1   0   1   0   0   1   1   0   1   0   0   0   1   0   1   2   0   0   0   0   0   0   0   1   0   0   0   0 
  0   0   0   0   0   0   0   0   0   0   0   0   0   0   0   1   0   2   1   0   0   0   1   0   1   0   0   1   1   0   1   0   0   0   1   0   1   2   0   0   0   0   0   0   0   1   0   0   0   0 
  0   0   0   0   0   0   0   0   0   0   0   0   0   0   0   1   0   2   1   0   0   0   1   0   1   0   0   1   1   0   2   0   0   0   1   0   1   2   0   0   0   0   0   0   0   1   0   0   0   0 
  0   0   0   0   0   0   0   0   0   0   0   0   0   2  10  12  19  17  20  16  15  16  16  18  18  19  18  18  16  16  14  14  12  13  13  14  15  18  15  11   6   6   6   6   7   7   7   7   5   3 
  0   0   0   0   0   0   0   0   0   0   0   0   0   2  10  12  19  17  20  16  15  16  16  18  18  19  18  18  16  16  14  14  12  13  13  14  15  18  15  11   6   6   6   6   7   7   7   7   5   3 
  0   0   0   0   0   0   0   0   0   0   0   0   0   2  10  12  19  17  20  16  15  16  16  18  18  19  18  18  16  16  14  14  12  13  13  14  15  18  15  11   6   6   6   6   7   7   7   7   5   3 
  0   0   0   0   0   0   0   0   0   0   0   0   0   0   0   0   0   0   0   0   0   0   0   0   0   0   0   0   0   0   0   0   0   0   0   0   0   0   0   0   0   0   0   0   0   0   0   0   0   0 
