  0   1   0   1   0   0   0   0   0   1   0   2   0 
  0   1   0   1   0   0   0   0   0   1   0   2   0 
  0   1   0   1   0   0   0   0   0   1   0   2   0 
  0   1   0   1   0   0   0   0   0   1   0   2   0 
  0   1   0   1   0   0   0   0   0   1   0   2   0 
  0   1   0   1   0   0   0   0   0   1   0   2   0 
  0   1   0   1   0   0   0   0   0   1   0   2   0 
  0   1   0   1   0   0   0   0   0   1   0   2   0 
  4   6  11  12  15  16  19  20  21  19  21  14   8 
  4   6  11  12  15  16  19  20  21  19  21  14   8 
  4   6  11  12  15  16  19  20  21  19  21  14   8 
