  0   0   0   0   0   0   0   0   0   1   0   0   0   0   0   0   0   0   0   0   0   0   0   0   0 
  0   0   0   0   0   0   0   0   0   1   0   0   0   0   0   0   0   0   0   0   0   0   0   0   0 
  0   0   0   0   0   0   0   0   0   1   0   0   0   0   0   0   0   0   0   0   0   0   0   0   0 
  0   0   0   0   0   0   0   0   0   1   0   0   0   0   0   0   0   0   0   0   0   0   0   0   0 
  0   0   0   0   0   0   0   0   0   2   0   0   0   0   0   0   0   0   0   0   0   0   0   0   0 
  0   0   0   0   0   0   0   0   0   2   0   0   0   0   0   0   0   0   0   0   0   0   0   0   0 
  0   0   0   0   0   0   0   0   0   2   0   0   0   0   0   0   0   0   0   0   0   0   0   0   0 
  0   0   0   0   0   0   0   0   0   2   1   0   0   0   0   0   0   0   0   0   1   0   0   0   0 
  3   5   7   6   6   6  13  19  32  53  55  44  16   8   6   6   6   6   6   6   4   2   0   0   0 
  3   5   7   6   6   6  13  19  32  53  55  44  16   8   6   6   6   6   6   6   4   2   0   0   0 
  3   5   7   6   6   6  13  19  32  53  55  44  16   8   6   6   6   6   6   6   4   2   0   0   0 
