  0   0   0   0   0   0   0   0   0   0   0   0   0 
  0   0   0   0   0   0   0   0   0   0   0   0   0 
  0   0   0   0   0   0   0   0   0   0   0   0   0 
  0   0   0   0   0   0   0   0   0   0   0   0   0 
  0   0   0   0   0   0   0   0   0   0   0   0   0 
  0   0   0   0   0   0   0   0   0   0   0   0   0 
  0   0   0   0   0   0   0   0   0   0   0   0   0 
  0   0   0   0   0   0   0   0   0   0   0   0   0 
  7  12  17  15  15  15  14  13  12  12  16  12   8 
  7  12  17  15  15  15  14  13  12  12  16  12   8 
  7  12  17  15  15  15  14  13  12  12  16  12   8 
