  0   0   0   0   0   0   0   1   0   0   0   1   1   0   0   0   0   0   0   0   0   0   0   0   0 
  0   0   0   0   0   0   0   1   0   0   0   1   1   0   0   0   0   0   0   0   0   0   0   0   0 
  0   0   0   0   0   0   0   1   0   0   0   1   1   0   0   0   0   0   0   0   0   0   0   0   0 
  0   0   0   0   0   0   0   1   0   0   0   2   1   0   0   0   0   0   1   0   0   0   0   0   0 
  0   0   0   0   0   0   0   1   0   0   0   2   1   0   0   0   0   0   1   0   0   0   0   0   0 
  0   0   0   0   0   0   0   1   0   0   0   2   1   0   0   0   0   0   1   0   0   0   0   0   0 
  0   0   0   0   0   1   0   1   0   0   0   2   1   0   0   0   0   0   1   0   0   0   0   0   0 
  0   0   0   0   0   1   1   1   0   0   0   2   1   0   0   0   0   0   1   0   0   0   0   0   0 
  6   8  10   8  11  14  14  12  10   9  14  16  17  13  12  12  12  13  11   8   3   1   0   0   0 
  6   8  10   8  11  14  14  12  10   9  14  16  17  13  12  12  12  13  11   8   3   1   0   0   0 
  6   8  10   8  11  14  14  12  10   9  14  16  17  13  12  12  12  13  11   8   3   1   0   0   0 
