  0   0   0   0   0   0   1   0   0   2   0   2   0   0   0   0   0   0   0   0 
  0   0   0   0   0   0   1   0   0   2   0   2   0   0   0   0   0   0   0   0 
  0   0   0   0   0   0   1   0   0   2   0   2   0   0   0   0   0   0   0   0 
  0   0   0   0   0   0   1   0   0   2   0   2   0   0   0   0   0   0   0   0 
  0   0   0   0   0   0   1   0   0   2   0   2   0   0   0   0   0   0   0   0 
  0   0   0   0   0   0   1   0   0   2   0   2   0   0   0   0   0   0   0   0 
  0   0   0   0   0   0   1   0   0   2   0   2   0   0   0   0   0   0   0   0 
  0   0   0   0   0   0   1   0   0   2   0   2   0   0   0   0   0   0   0   0 
  0   0   0   0   0   0   1   0   0   2   0   2   0   0   0   0   0   0   0   0 
  0   0   0   1   0   0   2   0   0   2   0   2   0   0   0   0   0   0   0   0 
  0   0   0   1   0   0   2   0   0   2   0   2   0   0   0   0   0   0   0   0 
  0   0   0   1   0   0   2   0   0   2   0   2   0   0   0   0   0   0   0   0 
  0   0   0   1   0   1   2   0   0   2   0   2   0   0   0   0   0   0   0   0 
  0   0   0   1   0   1   2   0   0   2   0   2   0   0   0   0   0   0   0   0 
  0   0   0   1   0   1   2   0   0   2   0   2   0   0   0   0   0   0   0   0 
  0   0   0   1   0   1   2   0   0   2   0   2   0   0   0   0   0   0   0   0 
  0   0   0   1   0   1   2   0   0   2   0   2   0   1   0   0   0   0   0   0 
  4   9  16  18  21  27  31  32  40  37  38  26  30  29  26  18  11   7   4   2 
  4   9  16  18  21  27  31  32  40  37  38  26  30  29  26  18  11   7   4   2 
  4   9  16  18  21  27  31  32  40  37  38  26  30  29  26  18  11   7   4   2 
