  0   0   0   0   0   0   0   0   0   0   0   0   0   0   0   0   0   0   0   2   1   0   0   0   0   0 
  0   0   0   0   0   0   0   0   0   0   0   0   0   0   0   0   0   0   0   2   1   0   0   0   0   0 
  0   0   0   0   0   0   0   0   0   0   0   0   0   0   0   0   0   0   0   2   1   0   0   0   0   0 
  0   0   0   0   0   0   0   0   0   0   0   0   0   0   0   0   0   0   0   2   1   0   0   0   0   0 
  0   0   0   0   0   0   0   0   0   0   0   0   0   0   0   0   0   0   0   2   1   0   0   0   0   0 
  0   0   0   0   0   0   0   0   0   0   0   0   0   0   0   0   0   0   0   2   1   0   0   0   2   0 
  0   0   0   0   0   0   0   0   0   0   0   0   0   0   0   0   0   0   0   2   1   0   0   0   2   0 
  0   0   0   0   0   0   0   0   0   0   0   0   0   0   0   0   0   0   0   2   1   0   0   0   2   0 
  0   0   0   0   0   0   0   0   0   0   0   0   0   0   0   0   2   4  27  31  33  14  12  16  12   8 
  0   0   0   0   0   0   0   0   0   0   0   0   0   0   0   0   2   4  27  31  33  14  12  16  12   8 
  0   0   0   0   0   0   0   0   0   0   0   0   0   0   0   0   2   4  27  31  33  14  12  16  12   8 
