  0   0   0   0   0   0   0   0   0   1   0   0   0 
  0   0   0   0   0   0   0   0   0   1   0   0   0 
  0   0   0   0   0   0   0   0   0   1   0   0   0 
  0   0   0   0   0   0   0   0   0   1   0   0   0 
  0   0   0   0   0   0   0   0   0   1   0   0   0 
  0   0   0   0   0   0   0   0   0   1   0   0   0 
  0   0   0   0   0   0   0   0   0   1   0   0   0 
  0   0   0   0   0   0   0   0   0   1   0   0   0 
 41  42  43   3   3   4   5   6   9   7   5   0   0 
 41  42  43   3   3   4   5   6   9   7   5   0   0 
 41  42  43   3   3   4   5   6   9   7   5   0   0 
