  0   0   0   0   0   0   0   0   0   0   0   0   0   0   0   0   0   0   0   0   0   0   0   1   0   1   0   0   1   0   0   0   0   0   0   1   0   0   0   0   0   0   0   0   0   0   0   0   0   0 
  0   0   0   0   0   0   0   0   0   0   0   0   0   0   0   0   0   0   0   0   0   0   0   1   0   1   0   0   1   0   0   0   0   0   0   1   0   0   0   0   0   0   0   0   0   0   0   0   0   0 
  0   0   0   0   0   0   0   0   0   0   0   0   0   0   0   0   0   0   0   0   0   0   0   1   0   1   0   0   1   0   0   0   0   0   0   1   0   0   0   0   0   0   0   0   0   0   0   0   0   0 
  0   0   0   0   0   0   0   0   0   0   0   0   0   0   0   0   0   0   0   0   0   1   0   1   0   1   0   0   1   0   0   0   0   0   0   1   0   0   0   0   0   0   0   0   0   0   0   0   0   0 
  0   0   0   0   0   0   0   0   0   0   0   0   0   0   0   0   0   0   0   0   0   1   0   1   0   1   0   0   1   0   0   0   0   0   0   1   0   0   0   0   0   0   0   0   0   0   0   0   0   0 
  0   0   0   0   0   0   0   0   0   0   0   0   0   0   0   0   0   0   0   0   0   1   0   1   0   1   0   0   1   0   0   0   0   0   0   1   0   0   0   0   0   0   0   0   0   0   0   0   0   0 
  0   0   0   0   0   0   0   0   0   0   0   0   0   0   0   0   0   0   0   0   0   1   0   1   0   1   0   0   1   0   0   0   0   0   0   1   0   0   0   0   0   0   0   0   0   0   0   0   0   0 
  0   0   0   0   0   0   0   0   0   0   0   0   0   0   0   0   0   0   0   0   0   1   0   1   0   1   0   0   1   0   0   0   0   0   0   1   0   0   0   0   0   0   0   0   0   0   0   0   0   0 
  0   0   0   0   0   0   0   0   0   0   0   0   0   0   0   0   0   0   0   0   0   1   0   1   1   1   0   0   1   0   0   0   0   0   0   1   0   0   0   0   0   0   0   0   0   0   0   0   0   0 
  0   1   0   0   0   0   0   0   0   0   0   0   0   0   0   0   0   0   0   0   0   1   0   1   1   1   0   0   1   0   0   1   0   0   0   1   0   0   0   1   0   0   0   0   0   0   0   0   0   0 
  0   1   0   0   0   0   0   0   0   0   0   0   0   0   0   0   1   0   0   0   0   1   0   1   1   1   0   0   1   0   0   1   0   0   0   1   0   0   0   1   0   0   0   0   0   0   0   0   0   0 
  0   1   0   0   0   0   0   0   0   0   0   0   0   0   0   0   1   0   0   0   0   1   0   1   1   1   0   0   1   0   0   1   0   0   0   1   0   0   0   1   0   0   0   0   0   0   0   0   0   0 
  0   1   0   0   0   0   0   0   0   0   0   0   0   0   0   0   1   0   0   0   0   1   0   1   1   1   0   0   1   0   0   1   0   0   0   1   0   0   0   1   0   0   0   0   0   0   0   0   0   0 
 20  21  22   3   3   3   3   3   3   3   3   4   6   8   9  11  14  18  20  21  23  25  28  31  30  26  19  16  14  13  12  10   8   6   7   7   7   6   6   4   2   0   0   0   0   0   0   0   0   0 
 20  21  22   3   3   3   3   3   3   3   3   4   6   8   9  11  14  18  20  21  23  25  28  31  30  26  19  16  14  13  12  10   8   6   7   7   7   6   6   4   2   0   0   0   0   0   0   0   0   0 
 20  21  22   3   3   3   3   3   3   3   3   4   6   8   9  11  14  18  20  21  23  25  28  31  30  26  19  16  14  13  12  10   8   6   7   7   7   6   6   4   2   0   0   0   0   0   0   0   0   0 
  0   0   0   0   0   0   0   0   0   0   0   0   0   0   0   0   0   0   0   0   0   0   0   0   0   0   0   0   0   0   0   0   0   0   0   0   0   0   0   0   0   0   0   0   0   0   0   0   0   0 
