  0   0   0   0   0   0   0   0   0   0   0   0   0 
  0   0   0   0   0   0   0   0   0   0   0   0   0 
  0   0   0   0   0   0   0   0   0   0   0   0   0 
  0   0   0   0   0   0   0   0   0   1   0   0   0 
  0   0   0   0   0   0   0   0   0   1   0   0   0 
  0   0   0   0   0   0   0   0   0   1   0   0   0 
  0   0   0   0   0   0   0   0   0   1   0   0   0 
  0   0   0   0   0   0   0   0   0   1   0   0   0 
  0   0   0   0   0   1   3   5   9   7   5   0   0 
  0   0   0   0   0   1   3   5   9   7   5   0   0 
  0   0   0   0   0   1   3   5   9   7   5   0   0 
