  0   0   0   0   0   0   0   0   0   0   0   0   0   0   0   0   0   0   0   1   1   0   0   0   2   0 
  0   0   0   0   0   0   0   0   0   0   0   0   0   0   0   0   0   0   0   1   1   0   0   0   2   0 
  0   0   0   0   0   0   0   0   0   0   0   0   0   0   0   0   0   0   0   1   1   0   0   0   2   0 
  0   0   0   0   0   0   0   0   0   0   0   0   0   0   0   0   0   0   0   1   1   0   0   0   2   0 
  0   0   0   0   0   0   0   0   0   0   0   0   0   0   0   0   0   0   0   1   1   0   0   0   2   0 
  0   0   0   0   0   0   0   0   0   0   0   0   0   0   0   0   0   0   0   1   1   0   0   0   2   0 
  0   0   0   0   0   0   0   0   0   0   0   0   0   0   0   0   0   0   0   1   1   0   0   0   2   0 
  0   0   0   0   0   0   0   0   0   0   0   0   0   0   0   0   0   0   0   1   1   0   0   0   2   0 
  0   0   0   0   0   0   0   0   0   0   0   0   0   0   0   0   2   4  27  31  33  14  12  97  93  89 
  0   0   0   0   0   0   0   0   0   0   0   0   0   0   0   0   2   4  27  31  33  14  12  97  93  89 
  0   0   0   0   0   0   0   0   0   0   0   0   0   0   0   0   2   4  27  31  33  14  12  97  93  89 
