  0   0   0   0   0   0   0   0   0   0   0   0   0   0   0   0   0   0   0   0   0   0   0   0   1   0 
  0   0   0   0   0   0   0   0   0   0   0   0   0   0   0   0   0   0   0   0   0   0   0   0   1   0 
  0   0   0   0   0   1   0   0   0   0   0   0   0   0   0   0   0   0   0   0   0   0   0   0   1   0 
  0   0   0   0   0   1   0   0   0   0   0   0   0   0   0   0   0   0   0   0   0   0   1   0   1   0 
  0   0   0   0   0   1   0   0   0   0   0   0   0   0   0   0   0   0   0   0   0   0   1   0   1   0 
  0   0   0   0   0   1   0   0   0   0   0   0   0   0   0   0   0   0   0   0   0   0   1   0   1   0 
  0   0   0   0   0   1   0   0   0   0   0   0   0   0   0   0   0   0   0   0   0   0   1   0   1   0 
  0   0   0   0   0   1   0   0   0   0   0   0   0   0   0   0   0   0   0   0   0   0   1   0   1   0 
  3   4   5   3   4   4   4   3   3   3   3   3   3   3   3   3   3   3   6   8  10  10  10  14  10   7 
  3   4   5   3   4   4   4   3   3   3   3   3   3   3   3   3   3   3   6   8  10  10  10  14  10   7 
  3   4   5   3   4   4   4   3   3   3   3   3   3   3   3   3   3   3   6   8  10  10  10  14  10   7 
