  0   0   0   0   0   0   0   0   0   0   0   0   0   0   0   0   0   0   0   0   0   0   0   0   0 
  0   0   0   0   0   0   0   0   0   0   0   0   0   0   0   0   0   0   0   0   0   0   0   0   0 
  0   0   0   0   0   0   0   0   0   0   0   0   0   0   0   0   0   0   0   0   0   0   0   0   0 
  0   0   0   0   0   0   0   1   0   0   0   0   0   0   0   0   1   0   0   0   0   0   0   0   0 
  0   0   0   0   0   0   0   1   0   0   0   0   0   0   0   0   1   0   0   0   0   0   0   0   0 
  0   0   0   0   0   0   0   1   0   0   0   0   0   0   0   0   1   0   0   0   0   0   0   0   0 
  0   0   0   0   0   0   0   1   0   0   0   0   0   0   0   0   1   0   0   0   0   0   0   0   0 
  0   0   0   0   0   0   0   1   0   0   0   0   0   0   0   0   2   0   0   0   0   0   0   0   0 
  0   0   0   0   0   0   3   8  13  13  11   9   8   7   7  11  12  10   4   1   0   0   0   0   0 
  0   0   0   0   0   0   3   8  13  13  11   9   8   7   7  11  12  10   4   1   0   0   0   0   0 
  0   0   0   0   0   0   3   8  13  13  11   9   8   7   7  11  12  10   4   1   0   0   0   0   0 
