  0   1   0   1   0   0   0   0   0   1   0   1   0 
  0   1   0   1   0   0   0   0   0   1   0   1   0 
  0   1   0   1   0   0   0   0   0   1   0   1   0 
  0   1   0   1   0   0   0   0   0   1   0   1   0 
  0   1   0   1   0   0   0   0   0   1   0   1   0 
  0   1   0   1   0   0   0   0   0   1   0   1   0 
  0   1   0   1   0   0   0   0   0   1   0   2   0 
  0   1   0   1   0   0   0   0   0   1   0   2   0 
  4   6  11  11  13  13  16  17  18  17  20  14   8 
  4   6  11  11  13  13  16  17  18  17  20  14   8 
  4   6  11  11  13  13  16  17  18  17  20  14   8 
