  0   0   0   0   0   0   0   0   0   0   0   0   0   0   0   0   0   0   0   0 
  0   0   0   0   0   0   0   0   0   0   0   0   0   0   0   0   0   0   0   0 
  0   0   0   0   0   0   0   0   0   0   0   0   0   0   0   0   0   0   0   0 
  0   0   0   0   0   0   0   0   0   0   0   0   0   0   1   0   0   0   0   0 
  0   0   0   0   0   0   0   0   0   0   0   0   0   0   1   0   0   0   0   0 
  0   0   0   0   0   0   0   0   0   0   0   0   0   0   1   0   0   0   0   0 
  0   0   1   0   0   0   0   0   0   0   0   0   0   0   1   0   0   0   0   0 
  0   0   1   0   0   0   0   0   0   0   0   0   0   0   1   0   0   0   0   0 
  0   0   1   0   0   0   0   0   0   1   0   0   0   0   1   0   0   0   0   0 
  3   6   8   7   6   5   4   3   5   6   7   6   6   7   5   3   0   0   0   0 
  3   6   8   7   6   5   4   3   5   6   7   6   6   7   5   3   0   0   0   0 
  3   6   8   7   6   5   4   3   5   6   7   6   6   7   5   3   0   0   0   0 
