  0   0   0   0   0   0   0   0   0   0   0   0   0   0   0   0   0   0   0   0   0   0   0   0   1   0 
  0   0   0   0   0   0   0   0   0   0   0   0   0   0   0   0   0   0   0   0   0   0   0   0   1   0 
  0   0   0   0   0   0   0   0   0   0   0   0   0   0   0   0   0   0   0   0   0   0   0   0   1   0 
  0   0   0   0   0   0   0   0   0   0   0   0   0   0   0   0   0   0   0   0   0   0   1   0   1   0 
  0   0   0   0   0   1   0   0   0   0   0   0   0   0   0   0   0   0   0   0   0   0   1   0   1   0 
  0   0   0   0   0   1   0   0   0   0   0   0   0   0   0   0   0   0   0   0   0   0   1   0   1   0 
  0   0   0   0   0   1   0   0   0   0   0   0   0   0   0   0   0   0   0   0   0   0   1   0   1   0 
  0   0   0   0   0   1   0   0   0   0   0   0   0   0   0   0   0   0   0   0   0   0   1   0   1   0 
  1   2   3   3   4   4   4   3   3   3   3   3   3   3   3   3   3   3   6   8  10  10  10  14  10   7 
  1   2   3   3   4   4   4   3   3   3   3   3   3   3   3   3   3   3   6   8  10  10  10  14  10   7 
  1   2   3   3   4   4   4   3   3   3   3   3   3   3   3   3   3   3   6   8  10  10  10  14  10   7 
