  0   0   0   0   0   0   0   0   0   0   0   0   0 
  0   0   0   0   0   0   0   0   0   0   0   0   0 
  0   0   0   0   0   0   0   0   0   0   0   0   0 
  0   0   0   0   0   0   0   0   0   0   0   0   0 
  0   0   0   0   0   0   0   0   0   0   0   0   0 
  0   0   0   0   0   0   0   0   0   0   0   0   0 
  0   0   0   0   0   0   0   0   0   0   0   0   0 
  0   1   0   0   0   0   0   0   0   0   0   0   0 
 13  18  23  15  15  15  14  13  12  12  16  12   8 
 13  18  23  15  15  15  14  13  12  12  16  12   8 
 13  18  23  15  15  15  14  13  12  12  16  12   8 
